,Date,BCFG,BR,CALM,DZ,FG,FG+,FU,GR,HZ,MIFG,RA,SN,SQ,TS,TSRA,VCFG,VCTS,Tmax,Tmin,Tavg,Depart,DewPoint,WetBulb,Heat,Cool,PrecipTotal,StnPressure,SeaLevel,ResultSpeed,ResultDir,AvgSpeed,Latitude,WnvPresent,Species_CULEX ERRATICUS,Species_CULEX PIPIENS,Species_CULEX PIPIENS/RESTUANS,Species_CULEX RESTUANS,Species_CULEX SALINARIUS,Species_CULEX TARSALIS,Species_CULEX TERRITANS,month_10,month_5,month_6,month_7,month_8,month_9,daytime,Ordinal,Has_Spray,station,longitude,max_lon,min_lon,min_lat,max_lat
9,2013-08-15,0,0,1,0,0,0,0,0,0,0,0,0,0,0,0,0,0,74.5,56.0,65.25,11.25,51.5,58.0,0.0,0.5,0.0,29.435,30.13,4.35,23.0,4.95,41.95469,0,0,0,1,0,0,0,0,0,0,0,0,1,0,1395,735095,1,1,-87.800991,-87.794741,-87.80724099999999,41.95019,41.95919
10,2013-08-15,0,0,1,0,0,0,0,0,0,0,0,0,0,0,0,0,0,74.5,56.0,65.25,11.25,51.5,58.0,0.0,0.5,0.0,29.435,30.13,4.35,23.0,4.95,41.95469,0,0,0,0,1,0,0,0,0,0,0,0,1,0,1395,735095,1,1,-87.800991,-87.794741,-87.80724099999999,41.95019,41.95919
11,2013-08-15,0,0,1,0,0,0,0,0,0,0,0,0,0,0,0,0,0,74.5,56.0,65.25,11.25,51.5,58.0,0.0,0.5,0.0,29.435,30.13,4.35,23.0,4.95,41.95469,0,0,1,0,0,0,0,0,0,0,0,0,1,0,1395,735095,1,1,-87.800991,-87.794741,-87.80724099999999,41.95019,41.95919
103,2013-08-29,0,1,0,0,0,0,0,0,1,0,0,0,0,0,0,0,0,88.0,67.5,77.75,23.75,64.5,69.0,0.0,13.0,0.0,29.325,30.00500000000001,4.05,10.0,4.65,41.986921,0,0,0,1,0,0,0,0,0,0,0,0,1,0,1318,735109,1,24,-87.689778,-87.68352800000001,-87.696028,41.982421,41.991421
104,2013-08-29,0,1,0,0,0,0,0,0,1,0,0,0,0,0,0,0,0,88.0,67.5,77.75,23.75,64.5,69.0,0.0,13.0,0.0,29.325,30.00500000000001,4.05,10.0,4.65,41.986921,0,0,0,0,1,0,0,0,0,0,0,0,1,0,1318,735109,1,24,-87.689778,-87.68352800000001,-87.696028,41.982421,41.991421
105,2013-08-29,0,1,0,0,0,0,0,0,1,0,0,0,0,0,0,0,0,88.0,67.5,77.75,23.75,64.5,69.0,0.0,13.0,0.0,29.325,30.00500000000001,4.05,10.0,4.65,41.986921,1,0,1,0,0,0,0,0,0,0,0,0,1,0,1318,735109,1,24,-87.689778,-87.68352800000001,-87.696028,41.982421,41.991421
173,2013-08-08,0,0,1,0,0,0,0,0,0,0,0,0,0,0,0,0,0,78.5,67.0,72.75,18.75,55.5,62.0,0.0,8.0,0.0,29.295,29.97,9.55,5.0,10.05,41.932094,0,0,1,0,0,0,0,0,0,0,0,0,1,0,1451,735088,1,35,-87.700117,-87.69386700000001,-87.706367,41.927594,41.936594
183,2013-08-15,0,0,1,0,0,0,0,0,0,0,0,0,0,0,0,0,0,74.5,56.0,65.25,11.25,51.5,58.0,0.0,0.5,0.0,29.435,30.13,4.35,23.0,4.95,41.916265,0,0,0,1,0,0,0,0,0,0,0,0,1,0,1395,735095,1,38,-87.800515,-87.79426500000001,-87.806765,41.911765,41.920765
184,2013-08-15,0,0,1,0,0,0,0,0,0,0,0,0,0,0,0,0,0,74.5,56.0,65.25,11.25,51.5,58.0,0.0,0.5,0.0,29.435,30.13,4.35,23.0,4.95,41.916265,1,0,1,0,0,0,0,0,0,0,0,0,1,0,1395,735095,1,38,-87.800515,-87.79426500000001,-87.806765,41.911765,41.920765
278,2013-08-15,0,0,1,0,0,0,0,0,0,0,0,0,0,0,0,0,0,74.5,56.0,65.25,11.25,51.5,58.0,0.0,0.5,0.0,29.435,30.13,4.35,23.0,4.95,41.923738,1,0,0,1,0,0,0,0,0,0,0,0,1,0,1395,735095,1,60,-87.785288,-87.779038,-87.79153799999999,41.919238,41.928238
302,2013-08-22,0,0,0,0,0,0,0,0,0,0,1,0,0,0,0,0,0,78.0,67.5,72.75,18.75,66.5,68.5,0.0,8.0,0.295,29.39,30.05,2.0,23.5,7.0,41.899229999999996,0,0,0,1,0,0,0,0,0,0,0,0,1,0,1337,735102,1,63,-87.716788,-87.710538,-87.72303799999999,41.894729999999996,41.903729999999996
303,2013-08-22,0,0,0,0,0,0,0,0,0,0,1,0,0,0,0,0,0,78.0,67.5,72.75,18.75,66.5,68.5,0.0,8.0,0.295,29.39,30.05,2.0,23.5,7.0,41.899229999999996,0,0,0,0,1,0,0,0,0,0,0,0,1,0,1337,735102,1,63,-87.716788,-87.710538,-87.72303799999999,41.894729999999996,41.903729999999996
304,2013-08-22,0,0,0,0,0,0,0,0,0,0,1,0,0,0,0,0,0,78.0,67.5,72.75,18.75,66.5,68.5,0.0,8.0,0.295,29.39,30.05,2.0,23.5,7.0,41.899229999999996,1,0,1,0,0,0,0,0,0,0,0,0,1,0,1337,735102,1,63,-87.716788,-87.710538,-87.72303799999999,41.894729999999996,41.903729999999996
309,2013-08-15,0,0,1,0,0,0,0,0,0,0,0,0,0,0,0,0,0,74.5,56.0,65.25,11.25,51.5,58.0,0.0,0.5,0.0,29.435,30.13,4.35,23.0,4.95,41.960615999999995,0,0,0,1,0,0,0,0,0,0,0,0,1,0,1395,735095,1,68,-87.777189,-87.77093900000001,-87.783439,41.956115999999994,41.965115999999995
310,2013-08-15,0,0,1,0,0,0,0,0,0,0,0,0,0,0,0,0,0,74.5,56.0,65.25,11.25,51.5,58.0,0.0,0.5,0.0,29.435,30.13,4.35,23.0,4.95,41.960615999999995,0,0,0,0,1,0,0,0,0,0,0,0,1,0,1395,735095,1,68,-87.777189,-87.77093900000001,-87.783439,41.956115999999994,41.965115999999995
367,2013-08-29,0,1,0,0,0,0,0,0,1,0,0,0,0,0,0,0,0,88.0,67.5,77.75,23.75,64.5,69.0,0.0,13.0,0.0,29.325,30.00500000000001,4.05,10.0,4.65,41.77166,0,0,0,1,0,0,0,0,0,0,0,0,1,0,1318,735109,1,79,-87.703047,-87.696797,-87.70929699999999,41.76716,41.77616
368,2013-08-29,0,1,0,0,0,0,0,0,1,0,0,0,0,0,0,0,0,88.0,67.5,77.75,23.75,64.5,69.0,0.0,13.0,0.0,29.325,30.00500000000001,4.05,10.0,4.65,41.77166,0,0,0,1,0,0,0,0,0,0,0,0,1,0,1318,735109,1,79,-87.703047,-87.696797,-87.70929699999999,41.76716,41.77616
418,2013-08-22,0,0,0,0,0,0,0,0,0,0,1,0,0,0,0,0,0,78.0,67.5,72.75,18.75,66.5,68.5,0.0,8.0,0.295,29.39,30.05,2.0,23.5,7.0,41.754676,0,0,1,0,0,0,0,0,0,0,0,0,1,0,1337,735102,1,90,-87.612922,-87.606672,-87.61917199999999,41.750176,41.759176000000004
482,2013-08-22,0,0,0,0,0,0,0,0,0,0,1,0,0,0,0,0,0,78.0,67.5,72.75,18.75,66.5,68.5,0.0,8.0,0.295,29.39,30.05,2.0,23.5,7.0,41.72646500000001,0,0,0,1,0,0,0,0,0,0,0,0,1,0,1337,735102,1,98,-87.585413,-87.57916300000001,-87.591663,41.72196500000001,41.73096500000001
483,2013-08-22,0,0,0,0,0,0,0,0,0,0,1,0,0,0,0,0,0,78.0,67.5,72.75,18.75,66.5,68.5,0.0,8.0,0.295,29.39,30.05,2.0,23.5,7.0,41.72646500000001,0,0,0,0,1,0,0,0,0,0,0,0,1,0,1337,735102,1,98,-87.585413,-87.57916300000001,-87.591663,41.72196500000001,41.73096500000001
484,2013-08-22,0,0,0,0,0,0,0,0,0,0,1,0,0,0,0,0,0,78.0,67.5,72.75,18.75,66.5,68.5,0.0,8.0,0.295,29.39,30.05,2.0,23.5,7.0,41.72646500000001,0,0,1,0,0,0,0,0,0,0,0,0,1,0,1337,735102,1,98,-87.585413,-87.57916300000001,-87.591663,41.72196500000001,41.73096500000001
528,2013-08-22,0,0,0,0,0,0,0,0,0,0,1,0,0,0,0,0,0,78.0,67.5,72.75,18.75,66.5,68.5,0.0,8.0,0.295,29.39,30.05,2.0,23.5,7.0,41.750498,0,0,0,1,0,0,0,0,0,0,0,0,1,0,1337,735102,1,111,-87.605294,-87.599044,-87.611544,41.745998,41.754998
529,2013-08-22,0,0,0,0,0,0,0,0,0,0,1,0,0,0,0,0,0,78.0,67.5,72.75,18.75,66.5,68.5,0.0,8.0,0.295,29.39,30.05,2.0,23.5,7.0,41.750498,0,0,1,0,0,0,0,0,0,0,0,0,1,0,1337,735102,1,111,-87.605294,-87.599044,-87.611544,41.745998,41.754998
695,2013-08-22,0,0,0,0,0,0,0,0,0,0,1,0,0,0,0,0,0,78.0,67.5,72.75,18.75,66.5,68.5,0.0,8.0,0.295,29.39,30.05,2.0,23.5,7.0,41.728495,1,0,0,1,0,0,0,0,0,0,0,0,1,0,1337,735102,1,123,-87.60096300000002,-87.59471300000003,-87.60721300000002,41.723995,41.732995
696,2013-08-22,0,0,0,0,0,0,0,0,0,0,1,0,0,0,0,0,0,78.0,67.5,72.75,18.75,66.5,68.5,0.0,8.0,0.295,29.39,30.05,2.0,23.5,7.0,41.728495,0,0,0,0,1,0,0,0,0,0,0,0,1,0,1337,735102,1,123,-87.60096300000002,-87.59471300000003,-87.60721300000002,41.723995,41.732995
697,2013-08-22,0,0,0,0,0,0,0,0,0,0,1,0,0,0,0,0,0,78.0,67.5,72.75,18.75,66.5,68.5,0.0,8.0,0.295,29.39,30.05,2.0,23.5,7.0,41.728495,0,0,1,0,0,0,0,0,0,0,0,0,1,0,1337,735102,1,123,-87.60096300000002,-87.59471300000003,-87.60721300000002,41.723995,41.732995
723,2013-08-15,0,0,1,0,0,0,0,0,0,0,0,0,0,0,0,0,0,74.5,56.0,65.25,11.25,51.5,58.0,0.0,0.5,0.0,29.435,30.13,4.35,23.0,4.95,41.904194,1,0,0,1,0,0,0,0,0,0,0,0,1,0,1395,735095,1,127,-87.756155,-87.74990500000001,-87.762405,41.899694,41.908694
726,2013-07-25,0,0,1,0,0,0,0,0,0,0,0,0,0,0,0,0,0,81.0,57.5,69.25,15.25,53.0,60.5,0.0,4.5,0.0,29.36,30.05,3.4,23.0,4.5,41.951865999999995,0,0,0,1,0,0,0,0,0,0,0,1,0,0,1480,735074,1,128,-87.72505699999998,-87.71880699999998,-87.73130699999997,41.947365999999995,41.956365999999996
758,2013-08-29,0,1,0,0,0,0,0,0,1,0,0,0,0,0,0,0,0,88.0,67.5,77.75,23.75,64.5,69.0,0.0,13.0,0.0,29.325,30.00500000000001,4.05,10.0,4.65,41.98728,1,0,0,1,0,0,0,0,0,0,0,0,1,0,1318,735109,1,131,-87.666066,-87.659816,-87.672316,41.98278,41.99178
759,2013-08-29,0,1,0,0,0,0,0,0,1,0,0,0,0,0,0,0,0,88.0,67.5,77.75,23.75,64.5,69.0,0.0,13.0,0.0,29.325,30.00500000000001,4.05,10.0,4.65,41.98728,0,0,0,0,1,0,0,0,0,0,0,0,1,0,1318,735109,1,131,-87.666066,-87.659816,-87.672316,41.98278,41.99178
