,test_site,tested_density,positives,westnile
117,118,372,167,0.4489247311827957
118,119,196,68,0.3469387755102041
116,117,178,48,0.2696629213483146
2,3,176,47,0.26704545454545453
129,130,178,46,0.25842696629213485
18,19,176,45,0.2556818181818182
0,1,181,46,0.2541436464088398
64,65,176,44,0.25
141,142,176,44,0.25
60,61,176,42,0.23863636363636365
50,51,176,42,0.23863636363636365
20,21,176,40,0.22727272727272727
46,47,176,40,0.22727272727272727
67,68,176,40,0.22727272727272727
142,143,180,40,0.2222222222222222
19,20,212,47,0.22169811320754718
140,141,176,39,0.2215909090909091
37,38,206,45,0.21844660194174756
59,60,184,40,0.21739130434782608
14,15,176,37,0.21022727272727273
31,32,176,37,0.21022727272727273
47,48,216,45,0.20833333333333334
145,146,179,36,0.2011173184357542
1,2,176,35,0.19886363636363635
66,67,176,34,0.19318181818181818
81,82,176,32,0.18181818181818182
82,83,176,30,0.17045454545454544
94,95,176,30,0.17045454545454544
143,144,176,28,0.1590909090909091
70,71,176,28,0.1590909090909091
22,23,176,28,0.1590909090909091
125,126,176,27,0.1534090909090909
30,31,176,27,0.1534090909090909
44,45,176,27,0.1534090909090909
148,149,183,28,0.15300546448087432
135,136,178,27,0.15168539325842698
77,78,180,27,0.15
45,46,189,28,0.14814814814814814
127,128,176,26,0.14772727272727273
126,127,176,26,0.14772727272727273
79,80,176,26,0.14772727272727273
39,40,176,26,0.14772727272727273
42,43,176,26,0.14772727272727273
136,137,177,26,0.14689265536723164
137,138,176,25,0.14204545454545456
24,25,177,25,0.14124293785310735
93,94,186,26,0.13978494623655913
16,17,176,24,0.13636363636363635
40,41,176,24,0.13636363636363635
128,129,176,24,0.13636363636363635
113,114,176,24,0.13636363636363635
48,49,177,24,0.13559322033898305
73,74,177,24,0.13559322033898305
112,113,214,29,0.13551401869158877
62,63,176,23,0.13068181818181818
29,30,176,23,0.13068181818181818
69,70,177,23,0.12994350282485875
130,131,179,23,0.12849162011173185
95,96,180,23,0.12777777777777777
57,58,176,22,0.125
58,59,176,22,0.125
9,10,176,22,0.125
146,147,176,22,0.125
72,73,176,22,0.125
12,13,176,22,0.125
7,8,176,22,0.125
21,22,176,22,0.125
33,34,176,22,0.125
43,44,177,22,0.12429378531073447
132,133,177,22,0.12429378531073447
76,77,177,22,0.12429378531073447
34,35,183,22,0.12021857923497267
80,81,176,21,0.11931818181818182
147,148,176,21,0.11931818181818182
105,106,176,21,0.11931818181818182
149,150,176,21,0.11931818181818182
51,52,176,21,0.11931818181818182
49,50,176,21,0.11931818181818182
11,12,176,21,0.11931818181818182
25,26,176,21,0.11931818181818182
78,79,177,21,0.11864406779661017
75,76,178,21,0.11797752808988764
23,24,195,23,0.11794871794871795
63,64,176,20,0.11363636363636363
107,108,176,20,0.11363636363636363
121,122,176,20,0.11363636363636363
26,27,176,20,0.11363636363636363
55,56,176,20,0.11363636363636363
134,135,176,20,0.11363636363636363
52,53,176,20,0.11363636363636363
17,18,176,20,0.11363636363636363
96,97,177,20,0.11299435028248588
91,92,182,20,0.10989010989010989
68,69,176,19,0.10795454545454546
3,4,176,19,0.10795454545454546
71,72,176,19,0.10795454545454546
114,115,176,19,0.10795454545454546
41,42,176,19,0.10795454545454546
119,120,176,19,0.10795454545454546
120,121,176,19,0.10795454545454546
35,36,176,19,0.10795454545454546
36,37,176,19,0.10795454545454546
27,28,176,19,0.10795454545454546
139,140,176,19,0.10795454545454546
110,111,176,19,0.10795454545454546
15,16,176,19,0.10795454545454546
65,66,176,19,0.10795454545454546
133,134,176,19,0.10795454545454546
131,132,176,19,0.10795454545454546
74,75,176,19,0.10795454545454546
84,85,176,19,0.10795454545454546
106,107,176,19,0.10795454545454546
90,91,176,19,0.10795454545454546
56,57,176,19,0.10795454545454546
54,55,176,19,0.10795454545454546
86,87,176,19,0.10795454545454546
38,39,177,19,0.10734463276836158
144,145,177,19,0.10734463276836158
138,139,197,21,0.1065989847715736
53,54,180,19,0.10555555555555556
83,84,182,19,0.1043956043956044
61,62,176,18,0.10227272727272728
28,29,176,18,0.10227272727272728
5,6,176,18,0.10227272727272728
6,7,176,18,0.10227272727272728
10,11,176,18,0.10227272727272728
8,9,186,19,0.10215053763440861
104,105,186,19,0.10215053763440861
4,5,177,18,0.1016949152542373
89,90,177,18,0.1016949152542373
32,33,178,18,0.10112359550561797
13,14,176,17,0.09659090909090909
85,86,176,17,0.09659090909090909
87,88,176,17,0.09659090909090909
103,104,176,17,0.09659090909090909
92,93,178,17,0.09550561797752809
97,98,176,16,0.09090909090909091
88,89,176,16,0.09090909090909091
115,116,176,16,0.09090909090909091
111,112,176,15,0.08522727272727272
99,100,176,15,0.08522727272727272
100,101,176,15,0.08522727272727272
124,125,176,15,0.08522727272727272
123,124,176,15,0.08522727272727272
98,99,177,15,0.0847457627118644
101,102,184,15,0.08152173913043478
122,123,176,14,0.07954545454545454
102,103,176,14,0.07954545454545454
108,109,176,14,0.07954545454545454
109,110,176,13,0.07386363636363637
